0 0 0 0 0 0 0 0 0 0 0 0 0 0 0 0 0 0 0 0 0 0 0 0 0 0 0 0 0 0 0 0 -0.1135344861845 0 0 0 0 0 0 0 0 0 0 0 0 0 0 0 0 0.183161236896482 0 0 0 0 0 0 0 0 0 0 0 0 0 0 0 0 0 0 0 0 0 0 0 0 0 0 0 0 0 0 0 0.33770127525319 0 0 0 0
0 0 0 -0.116409728005209 0 0 -0.0998735379647468 0 0 0 0 0 0 0 0 0 0 0 0 0 0 0 -0.310433506666237 -0.103743188501823 0 0 0 0 0 0 0 0 0.0515811603698712 0 0 0 0 0 0 0 0 0 0 0 0 0.0627368308539954 0.191815594045431 0 0 0 -0.057270098532797 0 0 0.0684323654676326 0 0 0 0 0 0 0 0 0 0 0 0 0 0 0 -0.0814270509720431 0 0 0 0 0 0 0 0 0 0 0 0 0 0 0 0.031031815748261
0 0 0 0 0 0 0 0 0.176920266948442 0 0 0 0 0 0 0 0 0 0 0 0 0.319116680800235 0 0 0 0 0 0 0 0 -0.0991522533312875 0 0 0 0 0 0 -0.0448206607967643 0 0 0 0 0 -0.00176586085302384 0 0 -0.097380166077011 0 0 0 0 0 0 0 0 0 0 0 0 0 0 0 0 0 0 0 0 0 0 0.102816702075633 0 0 0 0 0 0 0 0 0 0 0 0 0 -0.0774162895315107 0 0
0 0 0 0 0 0 -0.00425586614782064 0 0 0 0 0 0 0 0 0 0 0 0 0 0 0 0 0 0 0 -0.204213777703784 0 0 0 0 0 0 0 0 0.0408236742334679 0 0 0 0 0 0 0 0 0 0 0 0.234576901476893 0 0 0 0 0 0 0 0 0 0 0 0 0 0 0 0 0 0 0 0 0 0 0 0 0 0 0 0 0 0 0 0 0 0 0.216188830639534 0 0 0
0 0 0 0 0 0.11570631215053 0 0 0 0 0 0 0 0 0.353639999392259 0 0 0 0 0 0 0 0 0 0 -0.332881377420243 0 0 0 0 0 0 0 0 -0.00279413246512559 0 0 0 0 0 0 0 0 0 0 0 0 0 0 0 0 0 0 0 0 0 0 0 0 0 0 0 0 0 0 0 0 0 0 0 -0.10122184768979 0 0 0 0 0 0 0 0 0 0 0 0.025901262798357 0 0 0
0 0 0 0.0235944767390798 0 0 0 -0.15344105495844 0 0 0 0 0 0 0 0 0 0 0 0 0 0 0 0 -0.0832257389660598 0 0 0 -0.0854614125090137 0 0 0 -0.146980693269199 0 0 0 0 0 0 0 0 0 0 0 0 0 0 0 0 0 0 0 0 0 -0.268530140174727 0 0 0 0 0 0 0 0 0 0 0 0 0 0 0 0 0 0 0 0 0 0 0 0 0 0 0 0 0 -0.0720503347087055 0
0 0 0 0 0 0 0 0 0 0 0 0 -0.466106326884325 0 0 0 0 0 0 0 -0.168552575162428 0 0 0.0135714670441416 0 0 0 0 0 0 0 0 0 0 0 0 0 0 0 0 0 0 0 0 0 0 0 0 0 0 0 0 0 0 0 0 0 0 0 0 0 0 0 0 0 0 0 0 0 0 0 0 0 0 0 0 0 0 0 0 0 0 0 0 0 0
0 0 0 0 0 -0.0933409674828349 0 0 0 0 0 0 0 0 0 0 0 0.00578154556471398 0 0 0 0 0 0 0 -0.0796476198976807 0 0 0 0 0 0 0 0 0 0 0 0 0 0 0 0 0 0 -0.454865077184569 0 0 0 0 0 0.100345340666327 0 0 0 0 0 0 0 0 0 0 0 0 0 0 0 0 0 0 0 0 0.0231024672684902 0 0 0 0 0 0 0 0 0 0 0 0 0 0
0 0 0.246478533586883 0 0 0 0 -0.217622355741034 0 0 0 0 0.173076495331725 0 0 0 0 0 0 0 0 0 0 0 0 0 0 0 0 0 0 0 0 0 0 0 0 0 0 0 0 0 0 0 0 0 0 0 0 0 0 0 0 0 0 0 0 0 0 0 0 0 0 0 0 0 0 0 0 0 0 0 0 0 0 0 0 0 0 -0.130846844205181 0 0 0 0 0 0
0 0 0 0 0 0 0 0 0 0 0 0 0 0 0 0 0 0.259213040091694 0 0 0 0 0 0 0 0 0 0 0 0 0 0 0 0 0 0 0 0 0 0 -0.216705490093609 0 0 0 0 0 0 0 -0.0664180489189541 0 0 0 0 -0.06620551929665 0 0 0 0 0 0 0 0 0 0 0 0 0 0 0 0 0 0 -0.0773927505069182 0.114812773909366 0 0 0 0 0 0 0 0 -0.0783862040264165 0 0 0
0 0 0 0 0 0 0 0 0 0 0 0 0 0 0 0 0 0 0.0565036167468811 0 0 0 0 0 0 0 0 0 0 0 0 0 0 0 0 0 0 -0.149859939528497 0 0 0 0 0 0 0 0 0 0 0 0.366565412412832 0.0756415727230613 0 0 0 0 0 0 0 0 0 0 0 0 0 0 0 0 0 0 0 0 0 0 0 0 0 0 0 -0.0914041263228388 0 0 0 0 0 0 0
0 0 0 0 0 0 0 0 0.399059067214837 0 0 0 0 0 0 0 0 0 0 0 0 0 0 0 0 0 0 0 0 0.174595163662921 0 0 0 -0.205326669355113 0 0 0 0 0 0 0 0 0 0 0.062289964015362 0.115065571473295 0 0 0 0 0 0 0 0 0 0 0 0 0 0 0 0 0 0 0 0 0 0 0 0 0 0 0 0 0 0 0 0 0 0 0 0 0 0 0 0
0 0 0 0 0 0 -0.122698734990507 0 0 0 0 0.108977749265072 0 0 0 0 0 0 0 0 0 0 -0.151379671202162 0 0 0 0 0 0 0 0 0 0 0 0 0.179409369422464 0 0 0 0 0 0 0 0 0 0 0 0 0 0 0 0 0 0 0 0 0 0 0 0 0 0 0 0 0 0 0 0 0 0 0 0 0 0 0 0 0 0 0 0 0 0 0 0 0 0.138070184929596
0 0 0 0 0 0 0 0 0 0 0 0 0 0 0 0 0.136228069133848 0 0 0 0 0 0 0 0 0 0 0 0 0 0 0 0 0 0 0 0 0 0 0 -0.315480450599152 0 0.385211394330279 0 0 0 0 0 -0.00156094692763344 0 0 0 0 0 0 0 0 0 0 0 0 0 0 0 0 0 0 0 0 0 0 0 0 0 0 0 0 0 0 0 0 0 0 0 0 0
0 0 0 0 0 0 0 0 0 0 0 0 0 0 0 0 0 0 0 0 -0.340396445117569 0 0 0 0 0 0 0 0 0.360384136091609 0 0 0 0 0 0 0 0 0 0 0 0 0 0 0 0 0 0 0 0 0 0 0 0 0 0 0 0 0 0 0 0 0 0 0 0 0 0 0 0 0 0 0 0 0 0 0 0 0 0 0 0 0 0 0 0
0 0 0 0 0 0 0 0 0 0 0 0 0 0 0 0 0 0 0 0 0 0 0 0 0 0 0.398566179929185 0 0 0 0 0 0 0 0 0 0 0 0 0 0 0 0 0 0 0 0 0 0 0 0 0 0 0 0.033576970356031 0 0 0 0 0 0 0 0 0 0 0 0 0 0 0 0 0 -0.292965187890534 0 0 0 0 0 0 0 0 0 0 0 0 0
0 0 0 0 0 0 0 0 0 0 0 0 0 0.158457932150415 0 0 0 0 0 0 0 0 0 0 0 0 0 0 0 0 0 0 0 0 0 0 0 0 0 -0.57459501357712 0 0 0 0 0 0 0 0 0 0 0 0 0 0 0 0 0 0 0 0 0 0 0 0 0 0 0 0 -0.136957647797734 0 0.104548297381908 0 0.0514310924881295 0 0 0 0.236260400962713 0 0 0 0 0 0 0 0 0
0 0 0 0 0 0 0 0.0884100982939238 0 0.264716084598742 0 0 0 0 0 0 0 0 0 0 0 0 0 0 0 0 0 0 0 0 0 0 0 0 0 0 0 0 0 0 0 -0.0662762661462446 0 0 0 0 0 0 0 0 0 0 -0.217532537533299 0 0 0 0 0 0 0 0 0 0 0 0 0 0 0 0 0 0 0 0 0 0 0 0 0 0 0.119093700751836 0 0 0 0 0 0
0 0 0 0 0 0 0 0 0 0 0.51796375919002 0 0 0 0 0 0 0 0 0 0 0 0 0 0 0 0 0 0 0 0 0 0 0 0 0 0 0 0 0 0 0 0 0 0 0 0 0 0 0 0 0 0 0 0 0 0 0 0 0 0 0 0 0 0 0 0 0 0 0 0 0 0 0 0 0 0 0 0 0 0 0 0 0 0 0
0 0 0 0 0 0 0 0 0 0 0 0 0 0 0 0.117741381332647 0 0 0 0 0 -0.427298253644339 0 0 0 0 0 0 0 0 0 0 0 0 0 0 0 0 0 0 0 0 0 0 0 0 0 0 0 0 0 0 0 0 0.000163364311910564 -0.117569035200764 0 0 0 0 0 0 0 0 0 0 0 0 0 0 0 0 0 0 0 0 0 0 0 0 0 0 0 0 0 0
0 0 0.177908881515268 0 -0.0836182582573126 0 0 0 0 0 0 0 0 0 0 0 0 0.0739245113386806 0 -0.0551234740511726 0 0.102897371287888 0 -0.0610732569637246 0 0 0 0 0 0 0 0 0 0 0 0 0 0 0 0.0342215909651579 0 0 0 0 0 0 0 0.00858992175443863 0 0 0 -0.163048637087739 0 0 0 0 0 0 0 0 0 0 0 0 0 0 0 0 0.139238177994357 0 0 0 0 0 0 0 0 0 0 0 0 0 -0.0610394846673935 0 0 0
0 0 0 0 0 0 0 0 0 0 0 0 0 0 0 0 0 0 0 0 0 0 0 0 0 -0.0860502211444168 0 0 0 0 0 0 0 0 0 0 0 0 0 0.413183008670199 0 0 0 0 0 0 0 0 0 0 0.207248246173105 0 0 0 0 0 0 0 0 0 0 0 0 0 0 0 0 0 0 0 0 0 -0.0971169523479454 0 0 0 0 0 0 0 0 0 0 0 0 0
0 -0.146377268351912 0 0 0 0 0 0 0 0 0 0 -0.0529483122431273 0 0 0 0 0 0 0 0 0 0 0 0 0 0 0 0.129482485367434 0 0 0.111412753693486 0 0 0 0 0 0 0.0717521253106198 0 0 -0.0518896261621989 -0.19957396078763 0 0 0 0 0 0 0 0 0 0 0 0 0 0 0 0 0 0 0 0 0 0 0 0 0 0 0 0 0 0 0 0 0 0 0 0 0 0 0 0 0 0 0
0 -0.00198206415724501 0 0 0 0 0.42046274314821 0 0 0 0 0 0 0 0 0 0 0 0 0 -0.0317964531781204 0 0 0 0 0 0 0.232587686012339 0 0 0 0 0 0 0 0 0 0 0 0 0 0 0 0.0150427541911371 0 0 0 0 0 0 0 0 0 0 0.214844363467139 0 0 0 0 0 0 0 0 0 0 0 0 0 0 0 0 0 0 0 0 0 0 0 0 0 0 0 0.0957039900432985 0 0 0
0 0 0 0 0 0 0 0 0 0 0 0 0 0 0 0 0 0 0 0 0 0 0 0 0 0 0 0 0 0 0 0 0 0 0 0 0 0 0 0 0 0 -0.416802079777792 0 0 0 0 0 0 0 0 0 0 0 0 0 0 0 0 0 0 0 0 0 0 0 0 0 0 0 0 0 0 0 0 0 0 0 0 0 0 0 0 0.201607568469864 0 0
0 0 0 0 0 0 0 0 0 0 0 0 0 0 0 0 0 0 0 0 0 0 0 0 0 0 0 0 0 0.41013846994384 0 0 0 0 0 0 0 0 0 0 0 0 0 0 0 0 0 0 0 0 0 0 0 0 0 0 0 0 0 0 0 0 0 0 0 0 0 0 0 0 0 0 0 0 0 0 0 0 0 0 0 0 0 0 0 0
0 0 0 0 0 0 0 0 0 0 0 0 0 0 0 0 0 0 0 0 0 0 0 0 0 0 0 0 0 0 0 0 0 0 0 0 0 0 0 -0.525524021200171 0 0 0 0 0 0 0 0 0 0 0 0 0 0 0 0 0 0 0 0 0 0 0 0 0 0 0 0 0 0 0 0 0 0 0 0 0 0 0 0 0 0 0 0 0 0.375607051042413
0 0 0 0 0 0 0 0 0 0 0 0 0 0 0 0 0 0 0 0 0 0 0 0 0 0 0 0 0 0 0 0 0 0 0 0 -0.302579069512041 0 0 0 0 0 0 0 0 0.224020030467476 0 0 0 0 0 0 0 0 0 0 0 0 0 0 0 0 0 0 0 0 0 0 0 0 0 0 0 0 0 0 0 0 0 0 0 0 0 0 0 0
0 0 0 0 0 0 0 0 0 0 0 0 0 0 0 0 0 0 0 0 0 0 0.172000150911952 0 0 0 0 0 0 -0.389723835432799 0 0 0 0 0 0 0 0 0 0 0 0 0 0 0 0 0 0 0 0 0 0 0 0 0 0 0 0 0 0 0 0 0 0 0 0 0 0 0 0 0 0 0.0641959154152727 0 0 0 0 0 0 0 0 0 0 0 0 0
0 0 0 0 0 0 0 0 0 0 0 0 0 0 0.180863670339967 0 0 0 0 0 0 0 0 0 0 0 0 0 -0.359399966746232 0 0 0 0 0 0 0 0 0 0 0 0 0 0 0 0 0 0 0 0 0 0 0 0 0 0 0 0 0 0 0 0 0 0 0 0 0 0 0 0 0 0 0 0 0 0 0 0 0 0 0 0 0 0 0 0 0
0 0 0 0 0 0 0 0 -0.0929226776926188 0 0 0 0 0 0 0 -0.0780605274738593 0 0 0 0 0 0 0 0 0 0 0 0 0 0 0 0 0 0 0 0 0 0 0 0 0 0 0 0 0 0 0 0 0 0 0 0 0 0 0 0 0 0 0 0 0 0 0 0 0 0 0 0 0 -0.31594019017432 0 -0.0622252738818278 0 0 0 0.04013055166728 0 0 0 0 0 0 0 0 0
0 0 0 0 0 0 0 0 0 0 0 0 0 0 0 0 0 0 0 0 0 0 0 0 0 0 0 0 0 0 0 0 0 0 0 0 0 0 0 0 0 0 0 0 -0.535424814310221 0 0 0 0 0 0 0 0 0 0 0 0 0 0 0 0 0 0 0 0 0 0 0 0 0 0 0 0 0 0 0 0 0 0 0 0 0 0 0 0 0
0 0.164305559670304 0 0 0 -0.249518888059513 0 0 0 0 0 0 0 0 0 0 0 0 0 0 0 0 -0.24528212069578 0 0 0 0 0 0 0 0 0 0 0 0 0 0 0 0 0 0 0 0 0 0 0 0 0 0 -0.388890724879456 0 0 0 0 0 0 0 0 0 0 0 0 0 0 0 0 0 0 0 0 0 0 0 0 0 0 0 0 0 0.119914048892832 0 0 0 0 0 0
0 0 0 0 0 0 0 0 0 0 0 0 0 0 0 0 0 0 0 0 0 0 0 0 0 0 0 0 -0.125021256995118 0 0 0 0 0 0 0 0 0 0 0 0 0 0 0 0 0 0 0 0.457676666740944 0 0 0 0 0 0 0 0 0 0 0 0 0 0 0 0 0 0 0 0 0 0.28300684037501 0 0 0 0 0 0 0 0 -0.30469011286766 0 0 0 0 0 0
0 0 0 0 0 0 -0.190812516292022 0 0 0 0 0 0 0 0 0 -0.187815721302724 0 0 0 0 0 0 0 0 0 0 0.032472093771322 0 0 0 0 0 0.0417770577209214 0 -0.236888199065314 0 0 0 0 0.422996495569435 0 0 0 0 0 -0.156078713954301 0 0 0 0 0 0 -0.123060305782821 0 0.164657072257028 0 0 0 0 0 0 0 -0.0279197105057472 0 0 0 0 0 -0.0930218401424062 0 0 0 0 0 0 0 0 0 0 0 0 0 0 -0.0759585468034027 0.0988958102146073
0 0 0 0 0 0 0 0 0 0 0 0 0.435591836754945 0 0 0 0 0 0 0 0 0 0 0 0 0 0 0 0 0 0 0 0 0 -0.217838945379844 0 0 0 0 0 0 0 0 0 0 0 0 0 0 0 0 0 0 0 0 0 0 0 0 0 0 0 0 0 0 0 0 0 0 0 0 0 0 0 0 0 0 0 0 0 0 0 0 0 0 0
0 0 0 0 0 0 0 0 0 0 0 0 0 0 0 0 0 0 0 0 0 0 0 0 0 0 0 -0.53936416016204 0 0 0 0 0 0 0 0 0 0 0 0 0 0 0 0 0 0 0 0 0 0 0 0 0 0 0 0 0 0 0 0 0 0 0 0 0 0 0 0 0 0 0 0.0449544832967604 0 0 0 0 0 0 0 0 0 0 0 0 0 0
0 0 0 0 0 0 0 0 0 0 -0.616285831487205 0 0 0 0 0 0 0 0 0 0 0 0 0 -0.176035085573289 0 0 0 0 0 0 0 0 0 0 0 0 0 0 0 0 0 0 0 0 0 0 0 0 0 0 0 0 0 0 0 0 0 0 0 0 0 0 0 0 0 0 0 0 0 0 0 0 0 0 0 0 0 0 0 0 0 0 0 0 0
0 0 0 0 0 0 0 0 0 0 0 0 0 0 0 0 0 0 0 0 0 0 0.391824366357186 0 0 0 0 0 0 0 0 0 0 0 0 0 0 0 0 0 0 0 0 0 0 0 0 0 0 0 0 0 0 0 0 0 0 0 0 0 0 0 0 0 0 0 0 0 0 0 0 0 0 0 0 -0.0421116860998976 0.10326898221465 0 0 0 0 0 0 0 0 -0.000877196042085255
0 0 0 0 0 0 0 0 0 0.285468156323247 0 0 0 0 0 0 0 0 0 0 0 0 0 0 0 0 0 0 0 0 0 0 0 0 0 0 0 0 0 0 0 0 0.486826330975606 0 0 0 0 0 0 0 0 0 0 0 0 0 0 0 0 0 0 0 0 0 0 0 0 0 0 0 0 0 0 0 0 0 0 0 0 0 0 0 0 0 0 0
0 0 0 0 0 0 0 0 0 0 0 0 0 0 0 0 0 0 0 0 0 0 0 0 0 0 0 0 0 0 0 0 0 0 0.224337591757291 0 0 0 0 -0.479333800285753 0 0 0 0 0 0 0 0 0 0 0 0 0 0 0 0 0 0 0 0 0 0 0 0 0 0 0 0 0 0 0 0 0 0 0 0 0 0 0 0 0 0 0 0 0 0
0 0 0 0 0 0 0 0 0 0 0 0 0 0 0 0 0 -0.368481537695165 0 0 0 0 0 0 0 0 0 0 0 0 0 0 0 0 0 0 0 0 0 0 0 0 0 0 0 0 0 0.282732926293879 0 0 0 0 0 0 0 0 0 0 0 0 0 0 0 0 0 0 0 0 0 0 0 0 0 0 0 0 0 0 0 0 0 0 0 0 0 0
0 0 0 0 0 0 0 0 0.260839325904741 0 0 0 0 0 0 0 0 0 0 0 0 0 0 0 0 0 0 0 0 0 0 0 0 0 -0.106106673969736 0 0 0 0 0.410080873534554 0 0 0 0 0 0 0 0 0 0 0 0 0 0 0 0 0 0 0 0 0 0 0 0 0 0 0 0 0 0 0 0 0 0 0 0 0 0 0 0 0 0 0 0 0 0
0 0 0 0 0 0 0 0 0 0 0 0 0 0 0 0 0 0 0 0 0 0 0 0 0 0 0 0 0 0 0 0 0 0 0 0 0 0 0 0 0 0 -0.581117923333004 0 0 0 0 0 0 0 0 0 0 0 0 0 0 0 0 0 0 0 0 0 0 0 0 0 0 0 0 0 0 0 0 0 0 0 0 0 0 0 0 0 0 0
0 0 0 0 0 0 0 0 0 0 0 0.202903397938606 0 0 0 0 0 0 0 0 0 0 0 0 0 0 0 0 0 0 0 -0.468656095315135 0 0 0 0 0 0 0 0 0 0 0 0 0 0 0 0 0 0 0 0 0 0 0 0 0 0 0 0 0 0 0 0 0 0 0 0 0 0 0 0 0 0 0 0 0 0 0 0 0 0 0 0 0 0
0 0 0 0 0 0 0 0 0 0 0 0 0 0 0 0 0 0 0 0 0 0 0 0 0 0 0 0.288654977691538 0 0 0 0 0 0 0 0 0 0 0 0 0 0 0 0 0 0 0 0 0 0 -0.0896892091794638 0 0 0 0 0 0 0 0 0 0 0 0 0 0 0 0 0 0 0 0 0 0 0 0 0 0 0 0 -0.256576080325688 0 0 0 0 0 0
0 0.0134678562580004 0 0 0 0 0 0 0 0 0 0 0 0 0 0 0 0 0 0 0 0 0 0 0 0 0 0 0 -0.026392150312987 0 0 0 0 -0.322938088650822 0 0 0 0 0 0 0.125944741854433 0 0 0 0 0 0 0 0 0 -0.497225969456772 0 0.0180941128440293 0 0 0 0 0 0 0 0 0 0 0 0 0 0 0 -0.370334286045162 0 0 0 0 0 0 0 0 0 0 0 0 0 0 0 0
0 0 0 0.076150376711571 0 0 0 0 0 0 0 0 0 0 0 0 0 0 0 0 0.177653523998414 0 0 0 0 0 0 0 0 0 0 0 0 0 0 0 0 0 0 0 0 0.179865810705816 0 0 0 0 0 0 0 0 0.0890026328281025 0 0 -0.0592867245703158 0 0.0919466046563359 0 0 0 0 0 0 0 0 0 0 0 0 0.0804593498279089 0.0612170282840997 0 0 0 0 0 0 0 0 -0.0549101266330212 0 0 0 0 0 0 0
0 0 0 0 0 0 0 0 0 0 0 0 0 -0.59961399251938 0 0 0 0 0 0 0 0 0 0 0 0 0 0 0 0.16935979802134 0 0 0 0 0 0 0 0 0 0 0 0 0 0 0 0 0 0 0 0 0 0 0 0 0 0 0 0 0 0 0 0 0 0 0 0 0 0 0 0 0 0 0 0 0 0 0 0 0 0 0 0 0 0 0 0
0 0 0 0 0 0 0 0 0 0 0 0 0 0 0 0 0 0 0 0 0 0 0 0 0 0 0 0 0 0 0 0 -0.115645834497802 0 0 0 0 0 0 0 0 0 0 0 0 0 0 0 0 0 0 0 0 0 0 0.548453202277689 0 0 0 0 0 0 0 0 0 0 0 0 0 0 0 0 0 0 0 0 0 0 0 0 0 0 0 0 0 0
0 0 0 0 0 0 0 0.472871166164189 0 0 0 0 0 0 0 0 0 0 0 0 0 0 0 0 0 0 0 0 0 0 0 0 0 0 0 0 0 0 0 0 0 0 0 0 0 0 0 0.41000554744456 0 0 0 0 0 0 0 0 0 0 0 0 0 0 0 0 0 0 0 0 0 0 0 0 0 0 0 0 0 0 0 0 0 0 0 0 0 0
0.241259180455914 0 0 0 0 0 0 0 0 0 0 0.0109153700054993 0 0 0.172002423449641 0 0 0 0 0 -0.341942718383531 0 0 0 0 0.0956711087713846 0 0 0 0 0 0 0 0 0 0 0 0 0 0 0 0 0 0 0 0 -0.0454727296426902 0 0 0 0 0 0 0.241632888158841 0 0 0 0 0 0 0 0 0 0 0 0 0 0 0 0 0 0 0 0 0 0.129306343833473 0 0 0 0 0 0 0 -0.0910534685183794 0 0
0 0 0 0 0 0 0 0 0 0 0 0 0 0 0 0 0 -0.291667607408951 0 0 0 0 0 0 0 0 0 0 0 0 0 0 0 0 0 0 0 0 0 0 0 0 0 0 0 0 0 0 -0.107869191150469 0 0 0 0 0 0 0 0 0 0 0 0 0 0 0 0 0 0 0 0 0 0 0.00297825418399959 0 0 0 0 0 0 0 -0.082441853187702 0 0 0 0 0 0
0 0 0 -0.000400049337699495 0 0 0 0 0 -0.33326780184233 -3.04911873472281e-05 0 0 0 0 0 0 0.448156130620809 0 0 0 0 0 0 0 0 0 -0.000969581596279688 0 0 0 -0.53436380777385 0 -0.127714692561995 0 0 0 0 0 0 0.11439570890051 0 0 0 0 0 0.306685485279507 0 0 0 0 0.108885948553511 0 0 0 0 0 0 0 0 0 0 0 0 0 0 0 0 0 -0.347995807129599 0 0 0 0 0 0 -0.0358186711560116 0 0.067354898176121 0 0 0 0 0 0 0
0 0 0 0 0 -0.333665295353897 0 0 0 0 0 0 0 0 0 0.112096760415463 0 0 0 0.0273331236042612 0 0 0 0.103449384934105 0 0 0 0 0 0.3288989568539 0 0 0 0 0 0 0 0 0 0 0 0 0 0 0 0 0 0 0 0 0 0 0 0 0 0 0 0 0 0 0 0 0 0 0 0 0 0 0 0 0 0 0 0 0 0 0 0 0 0 0 0 0 0 0 0
0 0 0 0 0 0 0 0 0 0 0 0 0 0 0 0 0 0 0 -0.143176047178579 0 0 0 0 0 0 0 0 0 0 0 0 0 0 0 0 0 0 0 0 0 0 0.355674241523667 0 0 0 0 0 0 0.190618839742822 0 0 0 0 0 0 0 0 0 0 0 0 0 0 0 0 0 0 0 0 0 0 0 0 0 0 0 0 0 0 0 0 0 0 0 0
0 0 0 0 0 0 0 0 0 0 0 0 0 0 0 0 0 0 0 0 0 0 0 0 0 0 0 0 0 0 0 0 0 0 0 0 0 0 0 0 0 0 0 0 0 0 0 0 0 0 0 0 0 0 0 0 0 0 0 0.439553468968054 0 0 0 0 0 0 0 0 0 0 0 0 0 0 0 0 0 0 0 0 0 0 0 0 0 0
0 0 0 0 0 0 0 0 0 0 0 0 0 0 0 0 0 0 0 0 0 0 0 0 0 0 0 0 0 0 0 0 0 0 0 0 0 0 0 0 0 0 0 0 0 0 0 0 0 0 0 0 0 0 0 0 0 0 0 0 0 0 0.427743990989206 0 0 0 0 0 0 0 0 0 0 0 0 0 0 0 0 0 0 0 0 0 0 0
0 0 0 0 0 0 0 0 0 0 0 0 0 0 0 0 0 0 0 0 0 0 0 0 0 0 0 0 0 0 0 0 0 0 0 0 0 0 0 0 0 0 0 0 0 0 0 0 0 0 0 0 0 0 0 0 0 -0.0637701909186364 0 0 0 -0.16310147279716 0 0.190590251912639 0 0 0 0 0 0 0 0 0 0 0 0 0 0 0 0 0 0 0 0.0051274204632913 0 0
0 0 0 0 0 0 0 0 0 0 0 0 0 0 0 0 0 0 0 0 0 0 0 0 0 0 0 0 0 0 0 0 0 0 0 0 0 0 0 0 0 0 0 0 0 0 0 0 0 0 0 0 0 0 0 0 0.17949614565725 0 0 0 0 0 -0.20362183664925 0 0 -0.128731684775253 0 0 0 0 0 0 0 0 0 0 0 0 0 0 0 0 0 0 0 0
0 0 0 0 0 0 0 0 0 0 0 0 0 0 0 0 0 0 0 0 0 0 0 0 0 0 0 0 0 0 0 0 0 0 0 0 0 0 0 0 0 0 0 0 0 0 0 0 0 0 0 0 0 0 0 0 0 0 0 0 0 0 0 0 0 0 0 0 0 0 0 0 0 0 0 0 0 0 0 0 -0.402405694541421 0 0 0 0 0
0 0 0 0 0 0 0 0 0 0 0 0 0 0 0 0 0 0 0 0 0 0 0 0 0 0 0 0 0 0 0 0 0 0 0 0 0 0 0 0 0 0 0 0 0 0 0 0 0 0 0 0 0 0 0 0 0 0 0 0 0 0 0.448748077730413 0 0 0 0 0 0 0 0 0 0 0 0 0 0 0 0 0 0 0 0 0 0 0
0 0 0 0 0 0 0 0 0 0 0 0 0 0 0 0 0 0 0 0 0 0 0 0 0 0 0 0 0 0 0 0 0 0 0 0 0 0 0 0 0 0 0 0 0 0 0 0 0 0 0 0 0 0 0 0 0 0.153239763359941 0 -0.0283084444728529 0 0.198622999787684 0 0 0 0.0740261379380535 0 0 0 0 0 0 0 0 0 0 0 0 0 0 0 0 0 0 0 0
0 0 0 0 0 0 0 0 0 0 0 0 0 0 0 0 0 0 0 0 0 0 0 0 0 0 0 0 0 0 0 0 0 0 0 0 0 0 0 0 0 0 0 0 0 0 0 0 0 0 0 0 0 0 0 0 0 0 0.221598651139857 0 0 0 0.248111317898372 0 0 0 0 0 0 0 0 0 0 0 0 0 0 0 0 0 0 0 0 0 0 0
0 0 0 0 0 0 0 0 0 0 0 0 0 0 0 0 0 0 0 0 0 0 0 0 0 0 0 0 0 0 0 0 0 0 0 0 0 0 0 0 0 0 0 0 0 0 0 0 0 0 0 0 0 0 0 0 0 0 0 0 0.173523658070479 0 -0.294491155513131 0 0 0 0 0 0 0 0 0 0 0 0 0 0 0 0 0 0 0 0 0 0 0
0 0 0 0 0 0 0 0 0 0 0 0 0 0 0 0 0 0 0 0 0 0 0 0 0 0 0 0 0 0 0 0 0 0 0 0 0 0 0 0 0 0 0 0 0 0 0 0 0 0 0 0 0 0 0 0 0 0 0 0 0 0 0.459082643895674 0 0 0 0 0 0 0 0 0 0 0 0 0 0 0 0 0 0 0 0 0 0 0
0 0 0 0 0 0 0 0 0 0 0 0 0 0 0 0 0 0 0 0 0 0 0 0 0 0 0 0 0 0 0 0 0 0 0 0 0 0 0 0 0 0 0 0 0 0 0 0 0 0 0 0 0 0 0 0 0 -0.310980838868673 0 0 0 0 0 0 0 0 0 0 0 0 0 0 0 0 0 0 0 0 0 0 0 0 0 0 0 0
0 0 0 0 0 0 0 -0.452650527205408 0 0 0 0 0 0 0 0 0 0 0 0 0 0 0 0 0 0 0 0 0 0 0 0 0.43690043884549 0 0 0 0 0 0 0 0 0 0 0 0 0 0 0 0 0 0 0 0 0 0 0 0 0 0 0 0 0 0 0 0 0 0 0 0 0 0 0 0 0 0 0 0 0 0 0 0 0 0 0 0 0.148165019887803
0 0 0 0 0 0 0 0 0 0 0 0 0 0 -0.0949046784306636 0 -0.125462484012912 0 0 0 0 0 0 0 0 0 0 0.00820967689189691 0 -0.0607133610607423 0 0 0 0 0 0 0 0 0 0 0 0 0 0 0 0 0 0.121621217958146 0 0 0 0 0 0 0 0 0 0 0 0 0 0 0 0 -0.041623178219262 0 0 0 0 0 0 0 0 0 0 0 0 0.0955855896557268 0 0 0 0 -0.148663243104136 0.10532830460583 0.0513318912242784 0
0 -0.0731797498175821 0.168721528160864 0.122816494843284 0 0 0 0 0 0 0 0.0196242946653715 0 0 0 0 0 0 0 0 0 0 0 0 0 0 0 0.121475700069775 0 0 0 0 0 0 -0.0859758896791573 0 0 0 0 0 0 0 0 0 0 0 0 0.0632886994984027 0 0 0 0 0 0 0 0 0 0 0 0 0 0 0 0 0 0 0 0 0 0 0 0 0.0479869623076601 0 0 0 0 0.163588068219564 0 0 0 0 0 0 0.0544507543818439 0
0 0 0 0 0 0 0 0 0 0 0 0 0 0 0 0 0 0 0 0 0 0 0 0 0 0 0 0 0 0 -0.353954959554646 0 0 0 0 0 0 0 0 0 0 0 0 0 0 0 0 0 0 0 0 0 0 0 0 0 0 0 0 0 0 0 0 0 0 0 0 0 0 0 0 0 0 0 0 0 0 0 0 0 0 0 -0.272842765420346 0 0 0
0 0 0 0 0 0 0 0 0 0 0 0 0 0 0 0 0 0 0 0 0 0 0 0 0 0 0 0 0 0 0 0 0 0 0 0 0 0 0 0 0 0 0 0 0 0 0 0 0 0 0 0 0 0 0 0 0 0 0 0 0 0 0 0 0 0 0 0 0 0 0 0 0 0 0 0 0 0 0 0 0 0 0 0 0 0
0 0 0 0 0 0 0 0 0 -0.231445274901253 0 0 0 0 0 0 0 0 0 0 0 0 0 0 0 0 0 0 0 0 -0.0998926258357196 -0.0849924929721908 0 0 0 0 0 0 0 0 0 0 0 0 0 0 -0.0677869114825787 0 0 0 0 0 0 0 0 0 0 0 0 0 0 0 0 0 0 0 0 0 0 0 0 0 0 0 0 -0.329648652680866 0 0 0 -0.0667848080311757 0 0 0 0 0 0
0 0 0 0 0 0 0 0 0 0.225043301244294 0 0 0 0 0 0 -0.103910618882176 0 0 0 0 0 0 0 0 0 0 0 0 0 0 0 0 0 0 0.0268725224816434 0 0 0 0 -0.11314927350694 0 0 0 0 -0.111404177256082 0 0 0 0 0 0 0 0 0 0 0 0 0 0 0.101571608377184 0 0 0 0 0 0 0 0 0 0 0 0 0 0 0 0 -0.00126502028020145 0 0 0 0 0 0 0 0
0 0 0 0 0 0 0 0 -0.540649244041805 -0.312636383167624 0 0 0 0 0 0 0 0 0 0 0 0 0 0 0 0 0 0 0 0 0 0 0 0 0 0 0 0 0 0 0 0 0 0 0 0 0 0 0 0 0 0 0 0 0 0 0 0 0 0 0 0 0 0 0 0 0 0 0 0 0 0 0 0 0 0 0 0 0 0 0 0 0 0 0 0
0 0 0 0 0 0 0 0 0 0 0 0 0 0 0 0 0 0 0 0 0 0 0 0 0 0 0 0 0 0 0 0 0 0 0 0 0 0 0 0 0 0 0 0 0 0 0 0 0 0 0 0 0 0 0 0 0 0 0 0 0 0 0 0 0 0 0 0 0 0 0 0 -0.378851620662493 0 0 0 0 0 0 0 0 0 0 0 0 0.399138718181796
0 0 0 0 0 0 0 0 0 0 0 0 0 0 0 0 0.0261434047619217 0 0 0 0 0 0 0 0 0 0 0 0 0 0.0670337037102416 0 0 0 0 0 0 0 0 0 0 0 0 0 0 0 0 0 0 0 0 0 0 0 0 0 0 0 0 0 0 0 0 0 0 0 0 0 0 0 0 0 0 0 0 0 0 0 0 0 0 0 0 0 0 -0.429038963384653
0 0 0 0 0 0 0 0 0 0 0 0 0 0 0 0 0 0 0 0 0 0 0 0 0 0 0 0 0 0 0 0 0 0 0 -0.26536229682977 0 0 0 0 0 0 0 0 0 0 0 0 0 0 0 0 0 0 0 0 0 0 0 0 0 0 0 0 0 0 0 0 0 0.426512127968255 0 0 0 0 0 0 0 0 0 0 0 0 0 0 0 0
0 0 0 0 0 0 0 0 0 0 -0.144273316611786 0 0 0 0 0 0 0 0 0 0 0 0 0 0 0 0.22977571969117 0 0 0 0 0 0 0 0 0 0 0 0 0 0 0 0 0 0 0 0 0 0 0 0 0 0 0 0 0 0 0 0 0 0 0 0 0 0 0 0 0 0 0 0 0 0 0 0 0 0 0 0 0 0 0 0 0 0 0
0 0 0 0 0 0 0 0 0 0 0 0 0 0 0 0 0 0 0 0 0 0 0 0 0 0 0 0 0 0 0 0 0 0 0 0 0 0 0 0 0 0 0 0 0 -0.490699314043502 0 0 0 0 0 0 0 0 0 0 0 0 0 0 0 0 0 0 0 0 0 0 0 0 0 0 0 0 0 0 0 0 0 0 0 0 0 0 0 0
0 0 0 0 0 0 0 0 0 0 0 0 0 0 0 0 0 0 0 0 0 0 0 0 0 0 0 0 0 0 0 0 0 0 0 0 0 0 0 0 0 0 0 0 0 0 0 0 0 0 0 0 0 0 0 0 0 0 0 0 -0.374231604442527 0 0 0 0 0 0 0 0 0 0 0 0 0 0 0 0 0 0 0 0 0 0 0 0 0
0.453947947904869 0 0 0 0 0 0 0 0 0 0 0 0 0 0 0 0 0 0 0 0 0 0 0 0 0 0 0 0 0 0 0 0 0 0 0 0 0 0 0 0 0 0 0 0 0 0 0 0 0 0 0 0 0 0 0 0 0 0 0 0 0 0 0 0 0 0 0 0 0 0 0 0 0 0 0 0 0 0 0 0 0 0 0 0 0
0 0 0 0.512344729656291 0 0 0 0 0 0 0 0 0 0 0 0 0 0 0 0 0 0 0 0 0 0 0 0 0 0 0 0 0 0 0 0 0 0 0 -0.698449332251601 0 0 0 -0.39435009502784 0 0 0 0 0 0 0 0 0 0 0 0 0 0 0 0 0 0 0 0 0 0 0 0 0 0 0 0 0 0 0 0 0 0 0 0 0 0 0 0 0 0
0 0 0 0 0 0 0 0 0 0 0 0 0 0 0 0 0 0 0 0 0 0 0 0 0.592293304182776 0 0 0 0 0 0 0 0 0 0 0 0 0 0 0 0 0 0 0 0 0 0 0 0 0 0 0 0 0 0 0 0 0 0 0 0 0 0 0 0 0 0 0 0 0 0 0 0 0 0 0 0 0 0 0 0 0 0 0 0 0
0 0 0 0 0 -0.0534861470365002 0 0 0 0 0 0 0 0 0 0 0 0 0.0479217769882213 0 0 0 0 0 0 0 0 0 0.075810111859368 -0.0551264362776913 -0.0490409655345846 0 0 0 0 0 0 0 0 0 0 0 0 0 0 0 0 0 0 0 0 0 0 0 0 0 0 0 0 -0.10581410357267 0 0 0 0 0 0 0 0 0 0.086124683116781 0 0 0.0820943257436245 0 0 0 0 0 0 0 0 0 0 0 0 0
0 0 0 -0.253127456890171 0 0 0 0 0 0 0 0 0.340107680428355 0 0 0 0 0 0 0 0 0 0 0 0 0 0.0711351211006946 0 0 0 0 0 0 0 0 0 0 0 -0.0749184566611392 0 0 0 0 0 0 0 0 0 0 0 0 0 0 0 0 0 0 0 0 0 0 0 0 0 0 0 0 0.02082920087021 0 0 0 0 0 0 0 0.0421497025067018 -0.14232262567994 0 0 0 0 0 0 0 0 0
0 0 0 0 0 0 0 0 0 0 0 0 0 0 0 0 0 0 0 0 0 0 0 0 0 0 0 0 0 0 0 0 0 0.153551812277381 0 0 0 0 0 0 -0.252028510504213 0 0 0 0 0 -0.312705401661158 0 0 0 0 0 0 0 0 0 0 0 0 0 0 0 0 0 0 0 0 0 0 0.28510827018767 0 0 0 0 0 0 0 0 -0.0771399828299733 0 0 0 0 0 0 0
0 0 0 0 0 0 0 0 0 0 0 0 0 0 0 0 0 0 0 0 0 0 0 0 0 0 0 0 0 -0.373236608259685 0 0 0 0 0 0 0 0 0 0 0 0 0 0 0 0 0 0 0 0 0 0 0 0 0 0 0 0 0 0 0 0 0 0 0 0 0 0 0 0 0 0 0 0 0 0 0 0 0.204027182619007 0 0 0 0 0.145965466462437 0 0
0 -0.0755516886242317 0 0.136868398563598 0 0 0 0 -0.293893947079253 0 0 0 0 0.142226533082179 0 -0.0994659285558947 0 0 0 0 0 0 0 0 0 0 -0.0334682090573013 0 -0.0670474753382388 0 0 0 0 0 -0.0519115858135287 0 0 0 0 0 0 0 0 0 0 -0.022945802525507 0 0 0 0 0.195213445041533 0 0 0 0 0 0 0 0 0 -0.00303855171092053 0 0 0 0 0 0.0368174451218582 0 0 0 0 0.0427439258076333 0 0 0 0 0 0 -0.0963196521069698 0 0 0 0 0 0 0
0 0 0 0 0 0 0 0 0 0 0 0 0 0 0 0 0 0 0 0 0 0 0 0 0 0 0 0 0 0 0 0 0 0 0 0 0 0 0 0 0 0 0 -0.490464915665051 0 0 0 0 0 0 0 0 0 0 0 0 0 0 0 0 0 0 0 0 0 0 0 0 0 0 0 0 0 0 0 0 0 0 0 0 0 0 0 0 0 0
0 0 0 0 0 0 0 0 0 0 0 0 0 0 0 0 0 0 0 -0.0924399446650103 0.0700871176515482 0.0945618155014391 0 -0.124764227113173 0 0 0 0 -0.113869745155247 0 0 0.24767987327401 0 0 0 0 0 0 0 0 0 0 0 0 0 0 0 0 0 0 0 0 0 0 0 0 0 0 0 0 0 0 0 0 0 0 0 0 0 0 0 0 -0.0833000788596766 0 0 0.106335759642991 0 0 0 0.0739754541336239 0 0 -0.0811305421100151 0 0 0
0 0 0 0 0 0 0.261984463523461 0 0 0 0 0 0 0 -0.0881958738193739 0 0 0 0 0 0 0 0 0.186792867708305 0 0 0 0.271207037120348 0 0 0 0 -0.0259722595379083 0 0 0 0 0 0 0 0 0 0 0.0290470376069408 0 0 0 0 0 0 0 -0.0445957465798427 0 0 0 0 0 0 0 0 0 0 0 0 0 0 0 0 0 0 0 0 0 0 0 0 0 0 0 0 0 0 0 0 0 -0.118207296475917
0 0 0 0 0 0 0 0 0 0 0 0 0 0 0 0 0 0 0 0 0 0 0 0 0 0 0 0 0 0 0 0 0 0 0 0 0 0 0 0 0 0 0 0 0 0 0 0 0 0 0 0 0 0 0 0 0 0 0 0 0 0 -0.294611608806871 0 0 -0.164156071446802 0 0 0 0 0 0 0 0 0 0 0 0 0 0 0 0 0 0 0 0
0 0 0 0 0 0 0 0 0 0 0 0 0 0 0 0 0 0 0 0 0 0 0 0 0 0 0 0 0 0 0 0 0 0 0 0 0 0 0 0 0 0 0 0 0 0 0 0 0 0 0 0 0 0 0 0 0 0 0 0 0 0 -0.446374664146502 0 0 0 0 0 0 0 0 0 0 0 0 0 0 0 0 0 0 0 0 0 0 0
0 0 0 0 0 0 0 0 0 0 0 0 0 0 0 0 0 0 0 0 0 0 0 0 0 0 0 0 0 0 0 0 0 0 0 0 0 0 0 0 0 0 0 0 0 0 0 0 0 0 0 0 0 0 0 0 0 0 -0.0293878726444248 0 0 0 0 0 0 0.378409929597821 -0.138228087296596 0 0 0 0 0 0 0 0 0 0 0 0 0 0 0 0 0 0 0
