1 1 0.00480235901724604
1 2 0.00394553437127069
2 3 0.00329485162508868
2 4 0.00368670736914746
2 5 0.00369700330961883
3 6 0.0150721421365375
3 7 0.0115527478720852
3 8 0.0023063683367597
4 9 0.000252507865166317
4 10 0.0264851793124235
4 11 0.000558805523110686
4 12 0.000165804439655039
5 13 0.0379590755314136
5 14 0.000163947072402753
5 15 0.00146086834913526
6 16 0.00584693014565148
6 17 0.00713273526901745
6 18 0.00659553671790053
6 19 0.00326602105341038
6 20 0.000924859593459859
6 21 0.0189624157067738
6 22 0.000101996996522503
7 23 0.00220012394437698
8 24 0.00076079174400442
9 25 0.00342411331601898
10 26 0.00267463100162049
10 27 0.00713589811790726
11 28 0.0201814304167103
11 29 0.0423896681534559
11 30 0.0179456436400153
11 31 0.00606726285655794
12 32 0.00606636243361608
13 33 0.0213486509491556
13 34 0.00689183407441192
14 35 0.00380582833321514
14 36 0.000635126452021267
14 37 0.0162155148206695
14 38 0.0498848438003542
14 39 0.044938953663017
15 40 0.00712845649667051
15 41 0.00226405842625739
16 42 0.00256779416313178
16 43 0.00621866218394034
17 44 0.000459451144489694
18 45 0.0225779662068042
19 46 0.00255156325619628
19 47 0.0187460854355524
19 48 0.000349683907639008
20 49 0.000267771017717388
20 50 0.000915382272780389
20 51 0.00012667825680731
21 52 0.00120434505619343
22 53 0.0014583024629623
22 54 0.0401889430386133
22 55 0.00270739370538437
22 56 0.000178491517703501
22 57 0.00530808733101085
23 58 0.00175557684599382
23 59 0.000329125051218485
23 60 0.00451537231860842
23 61 0.00104385934878483
24 62 0.00122340793982599
24 63 0.00439393546728771
25 64 0.00117834687167545
25 65 0.0189533160095457
26 66 0.000405667753350882
26 67 0.00801676460422985
26 68 0.00439492433922043
27 69 0.00686676615680426
28 70 0.000851330249560781
28 71 0.00057887894839405
29 72 0.00451342115612065
30 73 0.0145350719459097
30 74 0.0113237767274198
31 75 0.0120532363817743
31 76 0.00479662201892714
32 77 0.00123708423114218
32 78 0.000225034638880895
32 79 0.0330600329111449
32 80 0.00125455238485526
33 81 0.00130879771911535
33 82 0.0273820079555138
34 83 0.00565921265846982
34 84 0.037327423074181
35 85 0.000519408852753689
35 86 0.000303567290768293
35 87 0.00104270854393534
36 88 0.000787555293972002
36 89 0.00102578788037421
37 90 0.000333843630470508
37 91 0.011583571317109
37 92 0.00310366012453859
38 93 0.00825646475074316
38 94 0.0272822183349428
39 95 0.000133978286882761
39 96 0.0202107347940122
39 97 0.000760077046553329
40 98 0.00108879070092468
41 99 0.00321995074224951
41 100 0.000392184607129222
41 101 0.00115499051465026
42 102 0.0125570253915147
42 103 0.00232529645032949
42 104 0.000201757623052191
43 105 0.00131111179283113
43 106 0.000193815003408121
43 107 0.0140429640880963
44 108 0.000325593660067849
44 109 0.00786643375142559
44 110 0.0199741442289246
44 111 0.0203794779726186
45 112 0.0469305309039267
45 113 0.0490088154472268
46 114 0.00010181141980148
46 115 0.0297879087368731
46 116 0.00149479304843496
46 117 0.0408989696956178
46 118 0.0351669612016725
47 119 0.0249670418188601
47 120 0.0100350794347904
48 121 0.00284719882716449
49 122 0.000118556678374742
49 123 0.000261507038641864
50 124 0.000203193241543202
50 125 0.0145398159706032
50 126 0.0120497152135986
51 127 0.000200178084069547
52 128 0.000166816848506295
52 129 0.00299082257646106
52 130 0.00675820384745578
53 131 0.0166213796180245
54 132 0.014890074793706
55 133 0.0223413260594467
56 134 0.000914797507428109
57 135 0.00855311744485875
57 136 0.0208167921911691
57 137 0.00569615793874557
58 138 0.0207456263030121
59 139 0.00143148858940094
59 140 0.0248247769986127
59 141 0.00597723881895138
60 142 0.00265825805708161
60 143 0.00859606746697099
61 144 0.0242322715217817
61 145 0.0055366590999748
61 146 0.000773858122972734
62 147 0.0138952489759063
62 148 0.000310594914805144
62 149 0.000327747865296166
62 150 0.0345875858443293
62 151 0.011455294084434
63 152 0.00728477431025911
63 153 0.000631192382426181
63 154 0.0480793102846327
64 155 0.0267724082959896
64 156 0.000712662302907718
64 157 0.00373411816888262
64 158 0.00535070152027785
64 159 0.0037955623766557
64 160 0.00739443276835996
65 161 0.0247548850710923
65 162 0.0128278827413512
66 163 0.0355660561916489
67 164 0.000145713888097397
67 165 0.0167509388269938
2 166 0.00275510565905357
68 167 0.00259301277164969
69 168 0.0190221749896143
70 169 0.00259239974338377
7 170 0.000739047543088844
8 171 0.0194438232657402
12 172 0.0111446224098529
71 173 0.0468098925771078
16 174 0.0150756837149383
17 175 0.00177097106060076
18 176 0.0277213616790388
72 177 0
73 178 0.00191216482546297
21 179 0.0391071542925698
23 180 0.0154749043456793
25 181 0.00163077183164395
26 182 0.00423118298935288
74 183 0.0295085969081619
37 184 0.00362701657344233
75 185 0.0001557923268658
41 186 0.000696711806655648
42 187 0.00807169032206656
76 188 0.0191408590772448
43 189 0.000204415223224008
44 190 0.0414198077392336
45 191 0.0179227138254989
77 192 0.0393710823627227
78 193 0.0185649046286173
79 194 0.011613833755
50 195 0.00938120140018861
55 196 0.0497235167603607
80 197 0.0114375415991603
56 198 0.0288429316872892
58 199 0.00119336170073259
60 200 0.00299092035874926
81 201 0.00215903756217251
82 202 0.00298407210898188
69 203 0.0492443374298022
83 204 0.0473990113157873
84 205 0.0224073463882897
6 206 0.00756805067651889
85 207 0.0210627707112961
16 208 0.00878121940524146
73 209 0.00142794717899231
23 210 0.0334927742173003
75 211 0.000276861429056363
86 212 0.0149115928819834
79 213 0.0493959749803055
50 214 0.0394230125788965
52 215 0.0376471690968807
60 216 0.00567752669645982
